cam_ids:
- 17197555
- 17197558
cam_aliases:
- cam0
- cam1

#master_cam: 17197555
skip: 20
delay: 1.0

#Camera info message details
distortion_model: plumb_bob
image_height: 1024
image_width: 1280

distortion_coeffs:
- [-0.21133156450551877, 0.16554701015049214, 0.0006371203200430035, -0.0010939572806040086]
- [-0.19951712659266974, 0.14189320394813731, -0.002057441273332286, -0.00279936870291979]

#specified as [fx  0 cx 0 fy cy 0  0  1]
intrinsic_coeffs:
- [1255.7661285167007, 0.0, 633.6643372214643, 0.0, 1253.2470339107972, 521.0000311047382, 0.0, 0.0, 1.0]
- [1257.0217332659643, 0.0, 632.5753725217256, 0.0, 1256.1189388208545, 492.01565714778764, 0.0, 0.0, 1.0]

rectification_coeffs:
- [0.9957523783024181, -0.0281670698120689, -0.08765738578853412, 0.02769368284386981, 0.9995945878086233, -0.006612106642487861, 0.08780809208507502, 0.004156465073896091, 0.9961287380466786]
- [0.9956833380506718, -0.06025833095412615, -0.07059478648522698, 0.06063837181798097, 0.9981545070530874, 0.0032508326429390596, 0.07026861455540498, -0.007517552808667829, 0.997499778550468]

projection_coeffs:
- [1388.2617969436703, 0.0, 759.2249526977539, 0.0, 0.0, 1388.2617969436703, 507.6747169494629, 0.0, 0.0, 0.0, 1.0, 0.0]
- [1388.2617969436703, 0.0, 759.2249526977539, 278.81369985863324, 0.0, 1388.2617969436703, 507.6747169494629, 0.0, 0.0, 0.0, 1.0, 0.0]

flip_horizontal:
- true
- true

flip_vertical:
- true
- true
