cam_ids:
- 17197556
- 17197557
cam_aliases:
- cam0
- cam1

#master_cam: 17197556
skip: 20
delay: 1.0

#Camera info message details
distortion_model: plumb_bob
image_height: 1024
image_width: 1280

distortion_coeffs:
- [-0.20704574734171718, 0.1378606052753204, -0.00016623127312903865, -0.0014678552308168902]
- [-0.20315604562055115, 0.13925984473430503, 0.0011700633742295359, -0.002631592980875036]

#specified as [fx  0 cx 0 fy cy 0  0  1]
intrinsic_coeffs:
- [1253.702985566858, 0.0, 626.0038426699172, 0.0, 1253.5611530315684, 521.6826648653606, 0.0, 0.0, 1.0]
- [1249.0625547880688, 0.0, 633.4407842588579, 0.0, 1249.0308397534995, 535.9834578202574, 0.0, 0.0, 1.0]

rectification_coeffs:
- [0.999870166919909, 0.015624103543014101, -0.00394166107506912, -0.015616951626054152, 0.9998763572767314, 0.0018387443878286702, 0.0039699024500641535, -0.001776948927645647, 0.9999905411187876]
- [0.9999919133838011, 0.0028219174708584696, -0.002865300820562143, -0.0028270930622141884, 0.9999943768034167, -0.001803858742772549, 0.002860194367911154, 0.0018119446277301825, 0.9999942680559943]

projection_coeffs:
- [1242.8692771645083, 0.0, 630.979866027832, 0.0, 0.0, 1242.8692771645083, 531.3879089355469, 0.0, 0.0, 0.0, 1.0, 0.0]
- [1242.8692771645083, 0.0, 630.979866027832, 253.03796302310053, 0.0, 1242.8692771645083, 531.3879089355469, 0.0, 0.0, 0.0, 1.0, 0.0]

flip_horizontal:
- true
- true

flip_vertical:
- true
- true
