cam_ids:
- 17197553
- 17197554
cam_aliases:
- cam0
- cam1

#master_cam: 17197553
skip: 20
delay: 1.0

#Camera info message details
distortion_model: plumb_bob
image_height: 1024
image_width: 1280

distortion_coeffs:
- [-0.20450164833719758, 0.14743367885666747, 1.3691017237135784e-05, -0.00029960779673081914]
- [-0.19543806353197976, 0.12250750911745852, -0.0008848056641066484, -0.0021017501699217554]


#specified as [fx  0 cx 0 fy cy 0  0  1]
intrinsic_coeffs:
- [1275.5155246873633, 0.0, 656.6967116430126, 0.0, 1276.6709737523597, 506.5433446279619, 0.0, 0.0, 1.0]
- [1252.4067462338985, 0.0, 629.4308621564376, 0.0, 1250.9809134660086, 513.5942922153134, 0.0, 0.0, 1.0]

rectification_coeffs:
- [0.9665822150177287, 0.0568881655489388, 0.24996511402973415, -0.056811130425504716, 0.9983565526264057, -0.007529228891154418, -0.2499826335392076, -0.006923181955981874, 0.9682255690077631]
- [0.9627203218217302, 0.03938618350914482, 0.26761597579376367, -0.039468734667831934, 0.9992079277965503, -0.005073067340799848, -0.2676038133793774, -0.005678518918518859, 0.96351230064162]

projection_coeffs:
- [1445.214023875022, 0.0, 193.84015655517578, 0.0, 0.0, 1445.214023875022, 520.7913436889648, 0.0, 0.0, 0.0, 1.0, 0.0]
- [1445.214023875022, 0.0, 193.84015655517578, 296.6206626773398, 0.0, 1445.214023875022, 520.7913436889648, 0.0, 0.0, 0.0, 1.0, 0.0]

flip_horizontal:
- false
- false

flip_vertical:
- false
- false
