cam_ids:
- 17197560
- 17197550
cam_aliases:
- cam0
- cam1

#master_cam: 17197560
skip: 20
delay: 1.0

#Camera info message details
distortion_model: plumb_bob
image_height: 1024
image_width: 1280

distortion_coeffs:
- [-0.19646860778761444, 0.11966919829956081, 0.0007669487706857788, -0.0013965801592123956]
- [-0.1914413046332957, 0.11346023268077468, 0.0019526799897460604, -0.002542153300965656]

#specified as [fx  0 cx 0 fy cy 0  0  1]
intrinsic_coeffs:
- [1278.623621111693, 0.0, 634.8138812505675, 0.0, 1276.7310814743978, 535.3629837510302, 0.0, 0.0, 1.0]
- [1273.2817308511162, 0.0, 629.495280191018, 0.0, 1273.4616558529785, 537.4608865156434, 0.0, 0.0, 1.0]

rectification_coeffs:
- [0.999951055794313, -0.008506807285265669, 0.0050517566895154475, 0.008499995333857072, 0.999962938127486, 0.001368375229905995, -0.00506320996632779, -0.0013253683475786214, 0.9999863035579938]
- [0.9995596958074359, -0.029351275291735073, -0.004349385714674004, 0.02934538988112363, 0.9995683356052899, -0.001410867816356254, 0.004388919009400241, 0.001282612185801062, 0.9999895460933128]

projection_coeffs:
- [1251.7378592347225, 0.0, 627.0195465087891, 0.0, 0.0, 1251.7378592347225, 540.562442779541, 0.0, 0.0, 0.0, 1.0, 0.0]
- [1251.7378592347225, 0.0, 627.0195465087891, 256.12061596895546, 0.0, 1251.7378592347225, 540.562442779541, 0.0, 0.0, 0.0, 1.0, 0.0]

flip_horizontal:
- true
- true

flip_vertical:
- true
- true
